1 50 0.72
2 233 0.59
5 218 0.51
4 56 0.61
3 410 0.45
6 766 0.32
7 100 0.66
8 204 0.58
9 100 0.59
10 713 0.4
11 56 0.63
13 100 0.5
14 285 0.54
12 56 0.67
15 237 0.6
16 1115 0.32
17 156 0.46
18 1196 0.58
19 116 0.44
21 109 0.32
20 116 0.41
23 98 0.58
24 455 0.55
22 174 0.71
25 237 0.55
26 70 0.42
27 576 0.48
28 69 0.72
29 403 0.54
30 212 0.4
31 69 0.58
32 175 0.45
35 247 0.58
33 68 0.55
37 1367 0.58
36 1289 0.35
34 1443 0.33
38 568 0.54
39 92 0.43
41 780 0.51
40 725 0.39
42 56 0.51
43 356 0.41
44 77 0.52
45 170 0.46
46 715 0.38
47 209 0.54
49 781 0.52
48 180 0.5
50 181 0.87
52 86 0.5
51 402 0.47
53 217 0.5
54 77 0.57
55 195 0.53
56 98 0.73
57 1194 0.4
59 60 0.77
58 64 0.58
61 170 0.44
60 61 0.71
62 226 0.63
63 393 0.56
64 174 0.67
65 216 0.46
66 88 0.63
67 780 0.58
68 550 0.6
69 174 0.71
71 95 0.74
70 216 0.63
72 403 0.54
73 385 0.55
74 1482 0.5
75 1410 0.41
76 187 0.42
77 161 0.57
78 623 0.46
79 174 0.75
80 384 0.6
82 172 0.7
83 190 0.55
85 239 0.4
84 1030 0.33
86 190 0.51
87 191 0.51
89 174 0.7
90 95 0.44
88 393 0.63
91 432 0.54
81 238 0.51
92 182 0.54
94 393 0.6
93 475 0.47
96 195 0.78
97 423 0.66
95 588 0.71
99 588 0.69
100 181 0.63
98 174 0.74
101 431 0.49
102 465 0.46
103 1594 0.32
105 926 0.39
106 717 0.31
104 1400 0.35
108 128 0.37
109 181 0.42
110 728 0.43
107 978 0.33
112 828 0.34
111 237 0.57
115 130 0.28
113 1462 0.5
116 285 0.48
114 169 0.51
117 121 0.69
118 121 0.69
119 1397 0.5
121 405 0.7
120 1047 0.31
123 147 0.41
122 249 0.42
124 137 0.55
125 237 0.55
126 237 0.4
127 187 0.64
128 455 0.48
129 273 0.45
130 1317 0.33
131 499 0.51
132 174 0.65
133 483 0.58
134 483 0.65
135 174 0.64
136 496 0.53
137 285 0.5
138 377 0.52
139 420 0.43
140 465 0.46
141 622 0.5
142 404 0.52
143 419 0.64
145 217 0.37
144 174 0.68
146 1338 0.29
147 405 0.5
148 471 0.41
149 1085 0.39
150 475 0.48
151 181 0.6
152 502 0.57
153 168 0.65
154 168 0.62
155 739 0.54
156 183 0.51
157 180 0.53
158 393 0.36
159 218 0.48
160 182 0.42
161 385 0.67
162 196 0.45
163 168 0.43
164 234 0.53
165 166 0.77
166 638 0.49
167 636 0.43
168 174 0.71
169 189 0.7
170 462 0.56
171 512 0.47
172 174 0.82
173 174 0.72
174 210 0.76
175 209 0.6
176 183 0.79
177 188 0.53
178 199 0.49
179 180 0.6
180 357 0.63
181 210 0.66
182 187 0.62
183 195 0.7
184 201 0.63
185 443 0.63
186 204 0.68
187 195 0.55
188 195 0.61
189 408 0.62
190 191 0.47
191 196 0.63
192 521 0.5
193 196 0.52
194 435 0.63
195 210 0.7
196 204 0.66
197 357 0.6
198 209 0.47
199 498 0.56
200 234 0.62
201 219 0.41
202 204 0.69
203 204 0.55
204 210 0.74
205 211 0.53
206 1240 0.35
207 511 0.37
208 211 0.62
209 238 0.63
210 228 0.65
211 435 0.62
212 213 0.43
213 707 0.49
214 655 0.43
215 423 0.64
216 423 0.64
217 559 0.62
218 234 0.59
219 559 0.55
220 476 0.39
221 285 0.45
222 228 0.62
223 238 0.48
224 782 0.4
225 465 0.37
226 550 0.72
227 230 0.73
228 230 0.74
229 230 0.7
230 385 0.64
231 403 0.57
232 403 0.54
233 566 0.61
234 443 0.63
235 405 0.43
236 319 0.32
237 282 0.59
238 655 0.61
239 393 0.56
240 410 0.43
241 566 0.52
242 269 0.38
243 988 0.42
244 246 0.3
245 300 0.48
246 268 0.65
247 424 0.71
248 298 0.5
249 250 0.43
250 257 0.55
251 297 0.39
252 405 0.45
253 1216 0.32
254 384 0.28
255 257 0.47
256 1255 0.46
257 405 0.53
258 300 0.58
259 294 0.32
260 331 0.32
261 1026 0.29
262 305 0.41
263 814 0.38
264 288 0.33
265 566 0.61
266 680 0.78
267 453 0.35
268 475 0.46
269 302 0.54
270 302 0.4
271 343 0.4
272 315 0.6
273 475 0.47
274 405 0.47
275 283 0.61
276 475 0.5
277 287 0.36
278 280 0.38
279 1255 0.38
280 815 0.38
281 405 0.46
282 742 0.58
283 285 0.39
284 471 0.48
285 286 0.43
286 302 0.5
287 762 0.34
288 294 0.53
289 300 0.4
290 405 0.34
291 742 0.48
292 300 0.35
293 298 0.47
294 300 0.55
295 298 0.44
296 1388 0.6
297 303 0.56
298 1016 0.56
299 329 0.31
300 328 0.57
301 302 0.42
302 313 0.5
303 306 0.41
304 500 0.37
305 865 0.44
306 311 0.3
307 313 0.45
308 1191 0.26
309 341 0.31
310 313 0.43
311 882 0.42
312 316 0.34
313 315 0.56
315 316 0.64
316 347 0.48
317 735 0.46
318 423 0.61
319 321 0.33
320 844 0.38
321 340 0.28
322 328 0.48
323 678 0.5
324 334 0.33
325 333 0.24
326 328 0.48
327 333 0.37
328 333 0.48
329 348 0.55
330 339 0.31
331 333 0.42
332 682 0.41
333 748 0.38
334 343 0.26
335 876 0.31
336 689 0.25
337 907 0.32
338 689 0.25
339 348 0.35
340 346 0.4
341 600 0.41
342 355 0.34
343 895 0.32
344 900 0.38
345 347 0.34
346 347 0.42
347 750 0.38
348 592 0.37
349 355 0.34
350 752 0.29
351 1293 0.35
352 907 0.33
353 814 0.41
354 895 0.26
355 752 0.37
356 566 0.51
357 483 0.59
358 890 0.33
359 1431 0.39
360 814 0.38
361 1191 0.44
362 814 0.24
363 841 0.38
364 780 0.46
365 941 0.45
366 1220 0.56
367 568 0.54
368 1029 0.47
369 456 0.4
370 1508 0.29
371 402 0.38
372 1167 0.37
373 1228 0.51
374 398 0.45
375 1398 0.32
376 1000 0.44
377 1544 0.58
378 423 0.5
379 413 0.48
380 403 0.5
381 382 0.4
382 428 0.46
383 1616 0.35
384 780 0.47
385 550 0.67
386 401 0.48
387 736 0.46
388 395 0.41
389 416 0.37
390 1162 0.35
391 578 0.51
392 402 0.43
393 402 0.59
394 1270 0.5
395 728 0.49
396 558 0.41
397 586 0.43
398 992 0.47
399 403 0.52
400 1469 0.46
401 451 0.44
402 739 0.59
403 568 0.64
404 501 0.64
405 597 0.62
406 928 0.34
407 1271 0.38
408 433 0.33
409 756 0.44
410 763 0.5
411 1028 0.48
412 820 0.31
413 816 0.36
414 516 0.49
415 1076 0.47
416 418 0.41
417 842 0.48
418 501 0.65
419 423 0.61
420 501 0.56
421 433 0.42
422 966 0.3
423 655 0.63
424 1031 0.5
425 433 0.45
426 541 0.37
427 496 0.54
428 663 0.51
429 434 0.48
430 435 0.54
431 550 0.5
432 588 0.59
433 655 0.54
434 520 0.4
435 483 0.55
436 447 0.49
440 668 0.41
441 448 0.38
443 447 0.51
444 565 0.46
445 670 0.36
446 1212 0.29
447 448 0.54
448 559 0.44
449 550 0.49
450 624 0.31
451 739 0.51
452 563 0.4
453 1246 0.5
454 910 0.3
455 546 0.39
456 833 0.4
457 1610 0.41
458 508 0.32
459 1372 0.32
460 544 0.35
461 518 0.42
462 529 0.5
463 509 0.4
464 1445 0.36
465 588 0.49
466 642 0.36
467 693 0.39
468 470 0.43
469 642 0.38
470 566 0.5
471 742 0.53
472 597 0.46
473 588 0.39
474 483 0.61
475 508 0.51
476 756 0.43
477 929 0.35
478 479 0.51
479 603 0.64
480 483 0.59
481 482 0.55
482 483 0.54
483 484 0.61
484 603 0.53
485 496 0.52
486 493 0.42
487 490 0.43
488 492 0.52
489 490 0.51
490 494 0.52
491 510 0.49
492 506 0.52
493 494 0.53
494 497 0.56
495 498 0.46
496 588 0.55
497 604 0.48
498 603 0.51
499 507 0.54
500 1300 0.28
501 588 0.58
502 514 0.48
503 504 0.38
504 654 0.56
505 608 0.49
506 614 0.48
507 611 0.44
508 591 0.41
509 529 0.46
510 511 0.49
511 523 0.51
512 971 0.45
513 641 0.45
514 517 0.55
515 520 0.39
516 530 0.46
517 792 0.48
518 527 0.39
519 661 0.56
520 526 0.47
521 654 0.52
522 1506 0.31
523 654 0.48
524 671 0.35
525 603 0.5
526 530 0.43
527 655 0.5
528 654 0.46
529 855 0.52
530 663 0.47
531 582 0.42
532 1594 0.33
533 865 0.35
534 1275 0.45
535 1315 0.36
536 1255 0.65
537 642 0.34
538 690 0.25
539 892 0.32
540 578 0.38
541 578 0.4
542 588 0.35
543 1155 0.34
544 979 0.39
545 1271 0.41
546 597 0.55
547 919 0.34
548 600 0.5
549 566 0.43
550 568 0.64
551 563 0.4
552 1079 0.38
553 724 0.39
554 576 0.44
555 600 0.58
556 992 0.53
557 594 0.33
558 582 0.38
559 561 0.49
560 812 0.45
561 727 0.37
562 576 0.42
563 565 0.36
564 817 0.43
565 635 0.39
566 568 0.64
567 672 0.41
568 684 0.57
569 665 0.39
570 601 0.33
571 1270 0.39
572 1220 0.35
573 670 0.42
574 600 0.45
575 944 0.5
576 578 0.53
577 1179 0.42
578 684 0.44
579 623 0.37
580 663 0.26
581 583 0.37
582 660 0.46
583 943 0.34
584 692 0.36
585 722 0.46
586 1228 0.46
587 658 0.33
588 625 0.51
589 646 0.37
590 1542 0.45
591 628 0.53
592 1594 0.5
593 600 0.35
594 600 0.58
595 717 0.41
596 993 0.38
597 685 0.56
598 600 0.71
600 677 1
601 1124 0.45
602 610 0.53
603 654 0.53
604 661 0.49
605 610 0.47
606 610 0.44
607 611 0.47
608 1020 0.44
609 633 0.42
610 661 0.43
611 615 0.43
612 613 0.42
613 837 0.46
614 661 0.45
615 671 0.4
616 650 0.37
617 1123 0.41
618 1123 0.42
619 742 0.38
620 1440 0.35
621 677 0.38
622 627 0.38
623 795 0.49
624 1274 0.38
625 946 0.42
626 677 0.58
627 941 0.37
628 742 0.46
629 655 0.38
630 965 0.38
631 735 0.48
632 654 0.4
633 837 0.38
634 653 0.34
635 637 0.49
636 679 0.4
637 671 0.38
638 863 0.42
639 863 0.35
640 642 0.36
641 653 0.38
642 654 0.45
643 666 0.82
644 792 0.34
645 1639 0.34
646 653 0.38
647 654 0.43
648 659 0.47
649 654 0.35
650 654 0.34
651 655 0.53
652 710 0.38
653 656 0.38
654 657 0.52
655 732 0.54
656 675 0.44
657 661 0.47
658 746 0.45
659 705 0.49
660 699 0.51
661 705 0.43
662 699 0.36
663 792 0.44
664 708 0.4
665 800 0.36
666 677 0.71
667 677 0.58
668 677 0.71
669 1246 0.58
670 674 0.28
671 675 0.54
672 816 0.49
673 693 0.42
674 675 0.32
675 1021 0.34
676 744 0.31
677 680 0.24
678 748 0.36
679 684 0.38
680 1293 0.28
681 1392 0.39
682 895 0.46
683 1001 0.18
684 732 0.51
685 742 0.45
686 710 0.32
687 1270 0.3
688 1625 0.3
689 879 0.38
690 750 0.45
691 1237 0.44
692 732 0.56
693 942 0.45
694 707 0.4
695 1262 0.38
696 742 0.35
697 1428 0.32
698 1255 0.47
699 729 0.5
700 1553 0.61
701 711 0.32
702 715 0.37
703 782 0.3
704 1441 0.32
705 855 0.37
706 711 0.5
707 736 0.43
708 715 0.43
709 792 0.46
710 746 0.47
711 712 0.15
712 792 0.33
713 762 0.31
714 733 0.37
715 792 0.44
716 747 0.39
717 756 0.42
718 1255 0.31
719 725 0.38
720 755 0.41
721 763 0.39
722 781 0.45
723 807 0.45
724 778 0.39
725 1490 0.43
726 983 0.33
727 747 0.37
728 731 0.45
729 747 0.47
730 970 0.32
731 1053 0.41
732 739 0.46
733 1512 0.39
734 1270 0.38
735 939 0.42
736 778 0.36
737 747 0.31
738 1074 0.36
739 747 0.49
740 1501 0.22
741 762 0.3
742 1016 0.46
743 1552 0.32
744 847 0.27
745 1121 0.38
746 959 0.37
747 778 0.43
748 751 0.37
749 873 0.3
750 751 0.34
751 879 0.29
752 1243 0.33
753 958 0.33
754 879 0.32
755 768 0.38
756 1028 0.37
757 799 0.58
758 1419 0.22
759 1162 0.5
760 1219 0.27
761 779 0.39
762 1048 0.43
763 833 0.39
764 1182 0.29
765 783 0.44
766 1370 0.5
767 1682 0.5
768 1469 0.41
769 779 0.46
770 792 0.34
771 1446 0.38
772 806 0.42
773 854 0.4
774 1446 0.34
775 783 0.56
776 1603 0.41
778 785 0.42
779 802 0.45
780 790 0.52
781 794 0.42
782 1445 0.71
783 785 0.44
785 794 0.44
786 814 0.33
787 1055 0.43
788 816 0.33
789 1010 0.38
790 801 0.37
794 812 0.36
795 1517 0.58
796 944 0.39
797 810 0.36
798 1505 0.71
799 814 0.5
800 928 0.28
801 1270 0.42
802 1228 0.43
803 918 0.55
804 1182 0.5
791 814 0.5
793 803 0.47
805 811 0.34
806 1267 0.35
807 1092 0.47
792 956 0.41
808 1440 0.34
809 810 0.33
812 843 0.5
813 1137 0.38
811 851 0.41
810 944 0.33
814 857 1
815 845 0.36
818 1560 0.37
817 1543 0.71
816 1246 0.33
819 1051 0.35
820 826 0.39
821 869 0.35
822 857 0.58
823 845 0.3
824 1059 0.37
825 926 0.34
826 930 0.32
827 917 0.28
828 839 0.5
831 841 0.34
829 977 0.32
832 862 0.52
834 1594 0.43
833 1276 0.33
835 1203 0.49
836 1020 0.43
837 968 0.36
838 1303 0.27
839 1509 0.71
840 870 0.31
841 982 0.36
842 1075 0.37
843 1469 0.35
844 1199 0.29
845 866 0.39
846 934 0.28
847 936 0.31
848 1123 0.41
849 1188 0.28
850 857 0.58
851 857 0.58
853 854 0.45
854 1416 0.43
855 1021 0.37
856 962 0.31
859 1187 0.2
857 861 0.71
860 910 0.41
861 1214 0.5
862 1030 0.43
863 1121 0.39
864 866 0.39
865 1631 0.35
866 1028 0.44
867 1448 0.71
868 1333 0.25
869 1521 0.35
870 1525 0.41
871 1028 0.34
872 880 0.34
873 879 0.24
874 1295 0.36
875 1026 0.25
876 881 0.58
877 1313 0.26
878 1026 0.38
879 938 0.24
880 887 0.29
881 948 0.26
882 1024 0.32
883 1504 0.37
884 1674 0.5
885 1292 0.5
886 1191 0.28
887 900 0.32
888 1246 0.3
889 1196 0.43
890 1034 0.33
891 1106 0.41
892 894 0.23
893 1441 0.32
894 1246 0.45
895 908 0.31
896 900 0.34
898 990 0.3
899 1433 0.38
900 903 0.36
901 1162 0.58
902 906 0.27
903 909 0.48
904 909 0.37
905 1385 0.25
906 1062 0.34
907 1345 1
908 1293 0.35
909 1024 0.48
910 913 1
911 1483 0.45
912 913 0.38
913 1256 1
914 1256 0.45
915 916 0.48
916 917 0.45
917 1594 0.58
918 1594 0.58
919 922 0.35
920 1335 0.29
921 923 0.45
922 1085 0.34
923 971 0.36
924 934 0.26
925 977 0.26
926 1047 0.42
927 1370 0.63
928 1047 0.35
929 1337 0.32
930 932 0.31
931 1594 0.32
932 1032 0.46
933 985 0.28
934 1051 0.34
935 1379 0.5
936 1379 0.37
937 938 0.34
938 1594 0.32
939 1046 0.43
940 992 0.41
941 1074 0.39
942 1147 0.45
943 1267 0.33
944 1228 0.34
945 1204 0.32
946 1091 0.38
947 1250 0.29
948 1276 0.34
949 1074 0.39
950 1398 0.31
951 1531 0.39
952 1008 0.35
953 1109 0.34
954 965 0.39
955 960 0.31
956 1101 0.36
957 973 0.58
958 1466 0.47
959 1074 0.38
960 1646 0.34
961 1211 0.34
962 1100 0.38
963 1445 0.27
964 1445 0.44
965 1203 0.44
966 1221 0.35
967 1116 0.44
968 1126 0.36
969 1480 0.28
970 1445 0.44
971 1005 0.3
972 1147 0.29
973 1508 0.41
974 975 0.35
975 1011 0.26
976 1162 0.71
977 986 0.28
978 1560 0.41
979 1067 0.32
980 1428 0.36
981 1177 0.5
982 1260 0.39
983 1253 0.47
984 988 0.25
985 1324 0.35
986 1436 0.29
987 1292 0.58
988 1049 0.25
989 991 0.31
990 1105 0.28
991 1613 0.33
992 1496 0.82
993 1023 0.26
994 1609 0.58
995 1265 0.33
996 1517 0.58
997 1497 0.38
998 1413 0.53
999 1000 0.63
1000 1181 0.63
1001 1088 0.45
1002 1095 0.46
1003 1509 0.58
1004 1508 0.27
1005 1403 0.41
1006 1148 0.28
1007 1495 0.33
1008 1010 0.4
1009 1010 0.28
1010 1067 0.32
1011 1226 0.31
1012 1016 0.35
1013 1383 0.33
1014 1016 0.36
1015 1412 0.38
1016 1244 0.39
1017 1143 0.3
1018 1642 0.27
1019 1410 0.26
1020 1050 0.35
1021 1449 0.37
1022 1356 0.29
1023 1283 0.31
1024 1642 0.39
1025 1527 0.23
1026 1392 0.5
1027 1162 0.71
1028 1047 0.42
1029 1239 0.53
1030 1413 0.57
1031 1627 0.71
1032 1517 0.52
1033 1531 0.29
1034 1052 0.41
1035 1053 0.32
1036 1091 0.37
1037 1510 0.45
1038 1191 0.37
1039 1119 0.26
1040 1055 0.38
1041 1042 0.32
1042 1046 0.47
1043 1544 0.58
1044 1446 0.38
1045 1631 0.32
1046 1208 0.35
1047 1048 0.29
1048 1521 0.28
1049 1179 0.45
1050 1203 0.34
1051 1054 0.21
1052 1088 0.35
1053 1469 0.47
1054 1209 0.31
1055 1179 0.41
1056 1332 0.38
1057 1328 0.35
1058 1441 0.4
1059 1376 0.3
1060 1336 0.22
1061 1530 0.24
1062 1646 0.45
1063 1473 0.29
1064 1447 0.5
1065 1411 0.29
1066 1078 0.33
1067 1073 0.25
1068 1370 0.45
1069 1103 0.44
1070 1103 0.54
1071 1154 0.42
1072 1162 0.5
1073 1194 0.29
1074 1118 0.35
1075 1447 0.41
1076 1270 0.5
1077 1130 0.38
1078 1406 0.37
1079 1140 0.28
1080 1560 0.5
1081 1482 0.41
1082 1356 0.63
1083 1482 0.5
1084 1418 0.27
1085 1111 0.31
1086 1137 0.41
1087 1163 0.2
1088 1162 0.5
1089 1337 0.37
1090 1522 0.52
1091 1469 0.43
1092 1441 0.47
1093 1496 0.29
1094 1528 0.45
1095 1276 0.4
1096 1281 0.22
1097 1367 0.39
1098 1170 0.28
1099 1403 0.38
1100 1256 0.5
1101 1109 0.3
1102 1436 0.5
1103 1131 0.47
1104 1485 0.35
1106 -1 -Infinity
1105 1191 0.37
1107 1112 0.51
1108 1256 0.58
1109 1471 0.31
1110 1118 0.25
1111 1445 0.47
1112 1303 0.36
1113 1553 0.41
1114 1289 0.53
1115 1658 0.28
1116 1412 0.28
1117 1533 0.27
1118 1499 0.27
1119 1446 0.28
1120 1369 0.33
1121 1448 0.41
1122 1123 0.58
1123 1447 0.58
1124 1454 0.26
1125 1201 0.5
1126 1450 0.29
1127 1234 0.38
1128 1499 0.44
1129 1143 0.45
1130 1131 0.28
1131 1462 0.42
1132 1675 0.23
1133 1459 0.36
1134 1142 0.29
1135 1147 0.34
1136 1439 0.25
1137 1171 0.39
1138 1274 0.41
1139 1469 0.36
1141 1642 0.5
1140 1256 0.38
1142 1589 0.27
1143 1187 0.42
1144 1538 0.67
1145 1438 0.52
1146 -1 -Infinity
1147 1286 0.37
1148 1227 0.35
1149 1155 0.28
1150 1471 0.41
1151 1246 0.58
1152 1441 0.29
1153 1262 0.47
1154 1353 0.38
1155 1535 0.82
1156 1158 0.5
1157 1244 0.32
1158 1535 0.87
1159 1524 0.38
1160 1368 0.34
1161 1256 0.32
1162 1321 1
1163 1377 0.33
1164 1509 0.58
1165 1179 0.33
1166 1356 0.47
1167 1174 0.38
1168 1594 0.34
1169 1186 0.37
1170 1260 0.31
1171 1174 0.44
1172 1200 0.34
1173 1174 0.44
1174 1642 0.53
1175 1392 0.41
1176 1607 0.35
1177 1260 0.5
1178 1179 0.55
1179 1185 0.61
1180 1185 0.47
1181 1182 0.55
1182 1183 0.62
1183 1247 0.38
1184 1543 0.41
1185 1186 0.41
1186 1445 0.67
1187 1199 0.34
1188 1218 0.32
1189 1594 0.82
1190 1323 0.24
1191 1292 0.58
1192 1196 0.45
1193 1196 0.47
1194 1195 0.26
1195 1196 0.5
1196 1201 0.71
1197 1202 0.23
1198 1445 0.47
1199 1377 0.31
1200 1201 0.41
1201 1205 0.45
1202 1504 0.44
1203 1298 0.42
1204 1456 0.38
1205 1321 0.45
1206 1376 0.43
1207 1247 0.38
1209 1550 0.5
1208 1245 0.43
1210 1471 0.43
1211 1642 0.43
1212 1603 0.58
1213 1253 0.82
1214 1427 0.5
1215 1239 0.35
1216 1377 0.29
1217 1228 0.35
1218 1249 0.35
1219 1531 0.45
1220 1267 0.38
1221 1297 0.39
1222 1228 0.31
1223 1506 0.58
1224 1496 0.44
1225 1304 0.33
1226 1315 0.28
1227 1554 0.5
1228 1337 0.33
1229 1250 0.5
1230 1321 0.5
1231 1246 0.3
1232 1629 0.47
1233 1235 0.45
1234 1679 0.5
1235 1236 1
1236 1237 0.41
1237 1292 0.41
1238 1293 0.52
1239 1469 0.45
1240 1482 0.22
1241 1323 0.41
1242 1436 0.71
1243 1292 0.38
1244 1258 0.33
1245 1445 0.31
1246 1275 0.71
1247 1550 0.71
1248 1277 0.32
1250 -1 -Infinity
1249 1270 0.5
1251 1255 0.41
1252 1499 0.44
1253 1471 0.58
1254 1292 0.58
1255 1642 0.82
1256 1257 1
1257 1319 1
1258 1270 0.29
1259 1260 0.5
1260 1489 0.5
1261 1603 0.58
1262 1516 0.44
1263 1269 0.3
1264 1286 0.33
1265 1504 0.31
1266 1639 0.61
1267 1478 0.45
1268 1553 0.44
1269 1447 0.33
1270 1509 0.5
1271 1321 0.58
1272 1436 0.71
1273 1657 0.38
1274 1321 0.71
1275 1356 0.5
1276 1327 0.5
1277 1278 0.29
1278 1292 0.28
1279 1383 0.53
1280 1293 0.38
1281 1356 0.45
1282 1509 0.38
1283 1436 0.32
1284 1446 0.28
1285 1409 0.28
1286 1495 0.36
1288 1448 0.52
1289 1424 0.5
1291 1489 0.53
1292 1384 1
1293 1612 0.67
1294 1679 0.45
1295 1592 0.5
1296 1395 0.3
1297 1479 0.68
1298 1451 0.37
1299 1516 0.26
1300 1594 0.71
1301 1482 0.45
1302 1611 0.71
1303 1505 0.38
1304 1306 1
1305 1376 0.71
1306 1310 1
1310 -1 -Infinity
1311 1642 0.47
1312 1321 0.45
1313 1525 0.32
1314 1416 0.53
1315 1326 0.32
1316 1504 0.29
1317 1475 0.45
1319 1351 1
1321 1481 1
1322 1507 0.58
1323 1344 0.71
1324 1327 0.71
1326 1616 0.45
1327 -1 -Infinity
1328 1547 0.5
1330 1447 0.58
1331 1436 0.58
1332 -1 -Infinity
1333 1436 0.5
1335 1510 0.41
1336 1643 0.33
1337 1440 0.41
1338 1658 0.5
1342 1652 1
1344 1370 0.71
1345 1430 0.71
1346 1593 0.58
1347 1375 0.24
1351 1578 1
1353 1367 0.58
1355 1357 0.58
1356 1623 0.82
1357 -1 -Infinity
1358 -1 -Infinity
1361 1481 0.71
1362 1620 0.38
1367 1536 0.5
1368 1370 0.71
1369 1447 0.58
1370 1578 0.71
1372 1402 0.5
1375 1631 0.47
1376 1481 0.71
1377 1623 0.33
1378 1436 0.71
1379 1611 0.58
1380 1578 0.71
1381 1530 0.38
1382 1384 0.71
1383 1384 0.71
1384 1387 1
1385 1386 0.58
1386 1387 0.5
1387 1390 1
1388 1538 0.52
1389 1390 0.71
1390 1391 1
1391 1477 1
1392 1429 0.5
1393 1543 0.58
1394 1477 0.58
1395 1578 0.58
1396 1543 0.45
1397 1447 0.5
1398 1423 0.5
1399 1430 0.41
1400 1403 0.41
1401 1459 0.44
1402 1403 0.41
1403 1501 0.58
1404 1515 0.33
1405 1609 0.5
1406 1578 0.45
1407 1533 0.33
1409 1435 0.25
1410 1440 0.35
1411 1456 0.39
1412 1444 0.3
1413 1496 0.58
1415 1522 0.5
1416 1482 0.71
1417 1418 0.58
1418 1578 0.58
1419 1627 0.45
1421 1553 0.41
1422 1426 0.32
1423 1424 0.5
1424 1471 0.35
1425 1509 0.45
1426 1594 0.63
1427 1628 0.41
1428 1594 0.41
1429 1431 0.35
1430 1431 0.35
1431 1679 0.5
1433 -1 -Infinity
1434 1592 0.45
1435 1490 0.71
1436 -1 -Infinity
1437 1481 0.71
1438 1439 0.47
1439 1533 0.41
1440 1446 0.3
1441 1521 0.45
1442 1508 0.41
1443 1518 0.2
1444 1490 0.43
1445 1448 0.67
1446 1447 0.3
1447 1452 1
1448 1462 0.65
1449 1512 0.63
1450 1452 0.71
1451 1452 0.26
1452 1457 1
1454 1456 0.51
1455 -1 -Infinity
1456 1457 0.38
1457 1458 1
1458 1460 1
1459 1473 0.43
1460 1463 0.71
1462 1646 0.53
1463 -1 -Infinity
1464 -1 -Infinity
1465 1466 0.41
1466 1646 0.58
1467 -1 -Infinity
1468 1496 0.26
1469 1503 0.48
1470 1594 0.5
1471 1505 0.5
1472 -1 -Infinity
1473 1519 0.35
1474 1627 0.5
1475 1535 0.52
1477 1588 1
1478 1482 0.29
1479 1530 0.45
1480 1490 0.63
1481 1491 1
1482 1483 0.32
1483 1594 0.45
1484 1491 0.71
1485 1488 0.58
1487 1523 0.71
1488 1489 0.82
1489 1491 0.71
1490 1491 0.71
1491 1492 1
1492 1498 1
1495 1499 0.52
1496 1498 0.58
1497 1631 0.71
1498 1500 0.71
1499 1506 0.67
1500 -1 -Infinity
1501 1535 0.58
1503 1517 0.44
1504 1525 0.58
1505 -1 -Infinity
1506 1535 0.67
1507 -1 -Infinity
1508 1522 0.35
1509 1544 0.71
1510 1511 0.5
1511 1652 0.5
1512 1558 0.6
1514 1609 0.5
1515 -1 -Infinity
1516 1578 0.58
1517 1519 0.58
1518 1519 0.35
1519 1520 1
1520 -1 -Infinity
1521 1603 0.5
1522 -1 -Infinity
1523 -1 -Infinity
1524 1529 0.41
1525 -1 -Infinity
1526 -1 -Infinity
1527 -1 -Infinity
1528 -1 -Infinity
1529 1555 0.33
1530 1642 0.71
1531 -1 -Infinity
1533 -1 -Infinity
1534 -1 -Infinity
1535 1623 0.67
1536 -1 -Infinity
1537 1538 0.58
1538 1578 0.58
1540 1543 0.45
1541 1543 0.71
1542 -1 -Infinity
1543 -1 -Infinity
1544 -1 -Infinity
1545 -1 -Infinity
1547 1551 1
1550 1554 0.71
1551 1604 1
1552 -1 -Infinity
1553 1578 0.58
1554 -1 -Infinity
1555 1619 0.58
1556 -1 -Infinity
1558 1573 0.45
1560 1658 0.5
1573 -1 -Infinity
1578 1585 1
1585 1630 1
1588 1590 1
1589 1611 0.82
1590 1608 1
1591 1592 0.5
1592 1617 0.5
1593 -1 -Infinity
1594 -1 -Infinity
1597 1682 0.5
1598 1609 0.58
1599 -1 -Infinity
1600 1608 0.5
1602 1630 0.58
1603 -1 -Infinity
1604 -1 -Infinity
1605 1643 0.82
1607 1630 0.71
1608 1662 1
1609 1611 0.71
1610 1620 0.38
1611 1662 0.71
1612 1613 0.58
1613 -1 -Infinity
1614 -1 -Infinity
1615 1662 0.38
1616 -1 -Infinity
1617 -1 -Infinity
1619 -1 -Infinity
1620 1664 0.44
1622 -1 -Infinity
1623 1630 0.58
1625 -1 -Infinity
1627 -1 -Infinity
1628 1653 0.58
1629 1630 0.71
1630 1632 1
1631 1632 0.71
1632 1633 1
1633 1635 1
1635 1636 1
1636 1637 1
1637 1638 1
1638 1640 1
1639 1640 0.58
1640 1641 1
1641 1645 1
1642 1645 0.71
1643 1645 0.58
1645 1647 1
1646 1647 0.71
1647 1649 1
1649 1650 1
1650 1651 1
1651 -1 -Infinity
1652 -1 -Infinity
1653 -1 -Infinity
1656 -1 -Infinity
1657 -1 -Infinity
1658 -1 -Infinity
1662 1667 1
1664 1667 0.58
1667 1668 1
1668 1670 1
1670 -1 -Infinity
1673 -1 -Infinity
1674 -1 -Infinity
1675 -1 -Infinity
1677 -1 -Infinity
1679 -1 -Infinity
1681 -1 -Infinity
1682 -1 -Infinity
